20 1.0000000000001 1.2786189121372e-09
20 -1.278604666588e-09 1.0000000000001
20 -1.0000000000001 -1.2786107225077e-09
20 1.278617633646e-09 -1.0000000000001
20 1.0000000000001 1.2786189121372e-09
20 -1.278604666588e-09 1.0000000000001
20 -1.0000000000001 -1.2786107225077e-09
20 1.278617633646e-09 -1.0000000000001
1 31.83896843 46.369723269999
1 -44.98812376 -20.09311085
1 84.607727489999 46.289647289999
1 -19.00729751 -79.688994329999
1 -72.986687959999 52.07642577
1 43.92273193 -14.7916785
1 -2.2967855099995 -58.822212349999
1 -9.8912782199999 -81.902777429999
1 22.60071896 23.56508709
1 -10.85029794 -39.345643319999
1 40.373377159999 48.690407649999
1 -21.49365153 89.704218009999
1 -72.046853209999 26.06238467
1 51.391279039999 24.75797224
1 -79.305383589999 61.402357599999
1 39.53552478 -75.995287449999
1 102.57824069 -19.23975778
1 -87.706400409999 -38.500887409999
1 -46.01827979 67.533413379999
1 66.67976746 -97.610823609999
1 -35.05825688 -26.216026879999
1 -83.594755989999 -18.19188612
1 1.4373750399995 -22.04255354
1 -56.16863469 -12.528116639999
1 -24.4764705 -5.4526132899997
1 26.75511425 -84.855904319999
1 -103.06197569 31.63744444
1 -82.117732309999 30.67198244
1 -68.348867419999 74.343233799999
1 61.523528469999 -20.38582176
1 72.464880229996 -14.434853849997
1 -58.90982325 86.709089619998
1 -56.95370127 -66.119077739999
1 -23.03054799 19.42795751
1 -19.19946778 68.105993719999
1 -54.78222439 72.427490229999
1 42.30228594 -44.387398899999
1 -93.773997449999 -101.49773101
1 -65.117461229999 33.722658809999
1 97.307289289999 2.1290066999997
1 88.051326849999 -69.12643558
1 99.495938929999 -79.22036196
1 -5.40832008 -94.475770339999
1 -72.186141889999 74.291094139999
1 -19.710778929999 24.763770989998
1 -79.34916458 -29.923915249999
1 67.375126159999 17.97520991
1 86.11250355 56.121263949999
1 80.117068459999 16.2676403
1 -22.83072441 62.734937269999
1 -82.681042329999 33.995506679999
1 -9.35108648 48.889097559999
1 -15.0004881 60.97324847
1 -12.96380652 19.60402561
1 -19.16759505 -13.7985051
1 -58.81919777 14.64632716
1 4.4731175999998 56.439521589999
1 38.68029324 30.487084729999
1 -19.69438629 52.395793309999
1 34.893046729999 25.65335814
1 -56.58415179 29.23154412
1 68.496838549999 32.23312583
1 -28.38602714 -46.935630419999
1 -64.884142299999 -22.031641819999
1 88.347819879999 22.50317322
1 -13.71823705 78.439089199999
1 15.36870878 92.167752139999
1 -40.09888399 18.17089366
1 -82.136028749999 72.373088949999
1 2.6057263599998 -60.18329613
1 -77.06565828 29.11212836
1 20.20532541 61.841418599999
1 34.158872299999 -77.74624068
1 -79.096284759999 -1.7998734700005
1 -60.207029729999 -24.747553369999
1 -4.3407165400001 32.36904112
1 51.87090319 40.620138599999
1 44.62018597 -93.459764449999
1 -12.35739672 -27.0440959
1 -60.175284 -5.6706730100001
1 -75.282403439999 -84.464907739999
1 -32.02992395 89.891506719999
1 -96.934209689999 -21.358947359999
1 -74.117063479999 11.18808833
1 97.873200879999 -11.49944854
1 -74.023420939999 3.6463401599997
1 72.758733150001 -11.528058420001
1 63.07474934 -49.51023528
1 60.043600129999 -96.339135129999
1 -29.88286434 15.21400612
1 -91.848211329999 -11.23122787
1 -55.19377902 -49.754343819999
1 7.4830536499997 -54.756034489999
1 -21.854631330004 18.803104740003
1 -37.64691796 -39.534263369999
1 91.989020369999 -68.273575609999
1 -57.77861841 -13.20847009
1 -86.275613689999 35.677459429999
1 -66.51900645 -12.09825882
1 43.68304272 -6.4343675599996
20 108.46007196986 -30.757297450163
20 -40.484061849868 15.108433680026
20 -1.4996992802584 -36.437394100228
20 -96.114538659864 -73.958348469762
20 -25.3025059498 109.89958461995
20 -47.410218290057 23.181713139986
20 -3.6123681199597 -80.872497619715
20 51.006837399969 -86.176010049718
20 91.241439649788 18.951751619922
20 -6.519753529993 -65.02015217975
20 100.4624442798 103.2447348697
20 -59.595946770012 134.94942283963
20 -67.94059980975 47.51594092988
20 133.53981963976 70.480636619817
20 -156.74252591966 135.48911326976
20 59.442018959873 -103.36149436985
20 165.71037212966 31.096425040036
20 -103.57523099959 -102.99111300972
20 -125.83263143987 138.96472201969
20 -15.011705910117 -153.4067949397
20 -65.754388789889 19.882394799999
20 -80.412220459447 14.412155489971
20 -57.916160280223 -50.603204769784
20 -109.80451996 6.1381259401869
20 -33.500993219968 -41.486750359965
20 -1.4607320099732 -34.78568121954
20 -163.97084416965 107.49460528991
20 -125.63734364989 -50.197154020078
20 -143.86180982964 10.233855029737
20 27.986002989745 -95.826376829792
20 8.3015082099341 -76.522714129363
20 -79.212220619585 17.153207329874
20 8.7085579498207 -37.443098219339
20 -37.785153980046 44.575946349871
20 -98.892444769887 120.76640359967
20 -71.80633858007 56.403517989584
20 -5.579448380072 -70.920686669852
20 -144.19004600984 -191.32769401979
20 -62.90937964981 -47.296251420193
20 142.56254834967 -73.216452799973
20 172.24655124979 -61.855466559894
20 161.91999603981 -86.29976290984
20 25.656651039983 -103.07090198974
20 -121.0469308197 8.7049084498405
20 56.515021819723 67.380258559883
20 -153.60905945984 -35.584120509767
20 135.61108680963 41.285072629977
20 175.7959828296 -4.111056520162
20 169.96228010986 100.35943439988
20 -92.400629649929 -16.964022250185
20 -103.8219957696 67.273675129824
20 -71.512377199992 49.232362769743
20 69.472975909949 55.872863769837
20 55.748116479867 12.123566959985
20 41.825794169974 -37.881171350019
20 -31.988712569913 -11.290599440121
20 -2.8600363300866 95.48291437968
20 7.0690168298775 -15.19086144017
20 45.96188565013 26.080057059536
20 -8.4055495801176 12.049022979873
20 26.748980860066 -47.774615890075
20 125.70564265973 104.68618245983
20 -63.284694000098 -102.04939021957
20 11.315243699859 0.99731369028932
20 67.023881239785 -22.986159570014
20 5.4565606699254 78.40753551964
20 77.070781469865 137.9105449297
20 -66.536109849933 59.019210639817
20 -96.131339829792 153.14169127972
20 76.935838589902 -20.064623609877
20 -47.287234349863 58.990354729944
20 -9.5587400301558 3.5958241997935
20 -5.5104840404205 -66.475483619837
20 -6.1334482497754 20.45622188986
20 -68.324724819861 -76.920310579723
20 -61.273784290006 92.275707289909
20 51.680453839807 20.3322188498
20 -17.618168940101 -11.988492529737
20 -55.284787179967 8.3026217400298
20 -140.94103119954 -10.533541559962
20 -19.590236519861 -167.74279788971
20 -4.7033742099869 30.233450039639
20 -41.370726729633 39.257112880149
20 -70.208736119643 81.248873009821
20 82.016249849725 -45.575464989926
20 -59.097011819787 -50.401105249954
20 81.191302319755 -24.809948380171
20 31.597174979789 -76.318982579867
20 -24.276980760135 -145.73729212967
20 -108.57270687987 70.064469049842
20 -149.18708715965 18.980405940029
20 -14.3520884797 -54.778964499945
20 10.513782789879 -25.047125099916
20 -103.63282696994 -31.853027819803
20 -24.204400289892 -97.5006297797
20 29.530737799705 -11.872881399844
20 -79.331473609763 -100.31325340978
20 -42.672604889687 -38.767127040157
20 -44.230451109826 -68.923992909747
20 99.916796279792 39.294818760074
20 108.46007196983 -30.757297450168
20 -40.48406184987 15.108433680027
20 -1.4996992802661 -36.437394100237
20 -96.114538659837 -73.958348469739
20 -25.302505949828 109.89958461994
20 -47.410218290046 23.181713139989
20 -3.6123681199592 -80.872497619721
20 51.006837399976 -86.176010049729
20 91.241439649775 18.951751619926
20 -6.5197535299913 -65.020152179749
20 100.46244427981 103.2447348697
20 -59.595946770054 134.94942283965
20 -67.94059980974 47.515940929901
20 133.53981963979 70.480636619803
20 -156.74252591969 135.48911326978
20 59.442018959871 -103.36149436985
20 165.7103721297 31.096425040027
20 -103.57523099959 -102.99111300972
20 -125.83263143987 138.96472201969
20 -15.011705910154 -153.40679493965
20 -65.754388789911 19.882394799999
20 -80.412220459446 14.412155489975
20 -57.916160280209 -50.603204769776
20 -109.80451996002 6.1381259401871
20 -33.500993219956 -41.486750359963
20 -1.4607320099726 -34.785681219541
20 -163.97084416973 107.49460528994
20 -125.63734364991 -50.197154020071
20 -143.86180982969 10.233855029736
20 27.986002989741 -95.826376829803
20 8.3015082099443 -76.522714129339
20 -79.212220619591 17.15320732987
20 8.7085579498262 -37.443098219328
20 -37.785153980045 44.575946349875
20 -98.892444769882 120.76640359967
20 -71.806338580089 56.40351798959
20 -5.5794483800761 -70.920686669828
20 -144.19004600991 -191.32769401981
20 -62.90937964983 -47.2962514202
20 142.56254834965 -73.216452799985
20 172.24655124974 -61.855466559873
20 161.91999603992 -86.299762909834
20 25.656651039979 -103.07090198974
20 -121.04693081969 8.7049084498619
20 56.515021819727 67.380258559896
20 -153.60905945984 -35.584120509764
20 135.61108680965 41.285072629975
20 175.79598282962 -4.1110565201563
20 169.96228010993 100.35943439982
20 -92.40062964991 -16.964022250184
20 -103.82199576959 67.273675129808
20 -71.512377199997 49.232362769742
20 69.472975909987 55.872863769834
20 55.74811647985 12.123566959996
20 41.825794169965 -37.88117135003
20 -31.988712569919 -11.29059944012
20 -2.8600363300865 95.482914379684
20 7.0690168298854 -15.190861440171
20 45.961885650119 26.080057059536
20 -8.4055495801229 12.049022979872
20 26.74898086009 -47.774615890065
20 125.70564265974 104.68618245981
20 -63.284694000092 -102.04939021957
20 11.315243699854 0.99731369028788
20 67.023881239803 -22.986159570002
20 5.4565606699268 78.407535519638
20 77.070781469862 137.9105449297
20 -66.53610984991 59.019210639805
20 -96.131339829799 153.1416912797
20 76.935838589888 -20.064623609854
20 -47.287234349867 58.990354729964
20 -9.5587400301567 3.595824199802
20 -5.5104840404167 -66.475483619812
20 -6.1334482497821 20.456221889861
20 -68.32472481988 -76.920310579725
20 -61.273784290015 92.275707289929
20 51.680453839808 20.3322188498
20 -17.618168940101 -11.988492529712
20 -55.284787179957 8.3026217400335
20 -140.94103119956 -10.533541559962
20 -19.590236519881 -167.74279788967
20 -4.7033742099898 30.233450039637
20 -41.370726729637 39.257112880141
20 -70.208736119657 81.248873009813
20 82.016249849718 -45.575464989927
20 -59.097011819762 -50.401105249952
20 81.19130231975 -24.809948380172
20 31.597174979791 -76.318982579889
20 -24.276980760119 -145.73729212968
20 -108.57270687993 70.06446904983
20 -149.18708715967 18.980405940028
20 -14.352088479698 -54.778964499941
20 10.513782789879 -25.047125099924
20 -103.63282696995 -31.853027819797
20 -24.204400289884 -97.500629779684
20 29.530737799721 -11.872881399855
20 -79.331473609776 -100.3132534098
20 -42.67260488966 -38.767127040155
20 -44.230451109822 -68.923992909749
20 99.916796279799 39.29481876008
20 108.4600719697 -30.75729745033
20 -40.484061849684 15.10843368021
20 -1.4996992805982 -36.437394100128
20 -96.114538659836 -73.958348469865
20 -25.302505949515 109.89958461967
20 -47.410218290073 23.181713139944
20 -3.6123681199427 -80.872497619415
20 51.006837399911 -86.176010049348
20 91.241439649633 18.951751619936
20 -6.5197535301318 -65.020152179607
20 100.46244427945 103.24473486974
20 -59.595946769841 134.94942283927
20 -67.940599809511 47.51594092984
20 133.5398196395 70.480636619746
20 -156.74252591937 135.48911326955
20 59.442018960427 -103.36149436981
20 165.71037212934 31.096425040076
20 -103.57523099928 -102.99111300952
20 -125.83263143964 138.96472201946
20 -15.011705910158 -153.40679493931
20 -65.754388789682 19.882394799999
20 -80.412220459053 14.412155489928
20 -57.916160280197 -50.603204769752
20 -109.80451995967 6.1381259404519
20 -33.500993219869 -41.486750359874
20 -1.4607320099648 -34.785681219271
20 -163.97084416933 107.4946052898
20 -125.63734364969 -50.197154020102
20 -143.86180982932 10.233855029574
20 27.986002989554 -95.826376829759
20 8.3015082095866 -76.522714129202
20 -79.212220619262 17.153207329573
20 8.7085579501305 -37.443098219026
20 -37.785153979961 44.575946349782
20 -98.892444769705 120.76640359955
20 -71.8063385798 56.403517989296
20 -5.5794483802273 -70.920686669552
20 -144.19004600965 -191.32769401959
20 -62.909379649581 -47.296251420176
20 142.56254834928 -73.216452800001
20 172.24655124945 -61.855466559773
20 161.91999603956 -86.299762909653
20 25.656651039829 -103.07090198947
20 -121.04693081966 8.7049084494602
20 56.51502181968 67.380258559855
20 -153.60905945958 -35.584120509607
20 135.61108680929 41.285072630022
20 175.79598282944 -4.1110565200954
20 169.96228010958 100.35943439981
20 -92.400629649875 -16.964022250253
20 -103.82199576914 67.273675129638
20 -71.512377200056 49.23236276962
20 69.472975909978 55.872863769627
20 55.74811647987 12.123566959977
20 41.825794170038 -37.881171349919
20 -31.988712569689 -11.290599440197
20 -2.8600363300462 95.482914379603
20 7.0690168297788 -15.190861440121
20 45.961885650325 26.080057059196
20 -8.4055495801517 12.049022979947
20 26.748980860129 -47.774615890093
20 125.70564265948 104.68618245965
20 -63.284693999552 -102.04939021946
20 11.315243700225 0.99731369046445
20 67.023881239649 -22.986159569873
20 5.4565606700169 78.407535519297
20 77.070781469816 137.91054492931
20 -66.536109849823 59.019210639741
20 -96.131339829609 153.14169127946
20 76.935838589857 -20.064623609392
20 -47.287234349677 58.990354729783
20 -9.5587400300747 3.5958241996948
20 -5.5104840403886 -66.475483619686
20 -6.1334482494893 20.456221889926
20 -68.324724819504 -76.92031057947
20 -61.273784290015 92.275707289791
20 51.680453839812 20.332218849922
20 -17.618168940097 -11.988492529317
20 -55.284787179913 8.3026217400659
20 -140.94103119926 -10.533541559786
20 -19.590236519647 -167.74279788947
20 -4.7033742098839 30.233450039443
20 -41.370726729394 39.257112880223
20 -70.208736119492 81.248873009751
20 82.016249849381 -45.575464989978
20 -59.097011819289 -50.401105249737
20 81.191302319507 -24.809948380133
20 31.597174979976 -76.318982579708
20 -24.276980760438 -145.73729212886
20 -108.57270687971 70.064469049787
20 -149.18708715933 18.98040594005
20 -14.352088479346 -54.778964499677
20 10.513782789839 -25.047125099706
20 -103.63282696985 -31.853027819787
20 -24.204400289767 -97.500629779486
20 29.530737799434 -11.872881399717
20 -79.331473609416 -100.31325340952
20 -42.672604889514 -38.767127040139
20 -44.230451109509 -68.923992909562
20 99.916796279542 39.29481876022
20 20.013058669667 -75.069921119858
20 70.448612889718 -20.706309220333
20 -139.82556308972 -177.97442641954
20 106.81782402956 49.058079869618
20 25.549176890135 52.503886509974
20 -113.14103703966 112.61281493966
20 155.56710841936 -60.784150190073
20 -138.46256288943 -56.379575669918
20 2.8381840998514 -39.577207590129
20 1.8930481697684 20.656396279198
20 -61.58431519959 150.71936403937
20 119.64218437959 97.475508369875
20 22.798597000252 -92.861582109798
20 71.502125169698 83.483996679366
20 -76.185655649668 -57.712758329802
20 81.7775843797 -136.52997360955
20 -42.961959029884 34.227802380117
20 49.824468419632 -123.19739816966
20 -31.45822309983 14.907528589925
20 158.90172095944 58.272821489639
20 -37.487984059739 -49.63666570984
20 87.063711599807 -81.411686259735
20 94.690087669308 -34.042200839675
20 -18.183019139831 76.69834516973
20 -143.90009188969 118.3626723696
20 77.886045059744 -54.48451435978
20 158.18175723942 -56.211576619832
20 24.410768760341 -16.447199840162
20 2.3473409600315 -53.403208219784
20 -98.062834429771 46.404689469582
20 -110.66280819929 -13.679648029727
20 31.850848709545 -100.24684008987
20 107.55952226958 22.123039199811
20 85.193012029783 135.17655562965
20 -61.422891860312 80.310090459534
20 -43.885944859958 66.701931039739
20 62.589131639363 120.53479040968
20 29.292718679883 -82.739044129609
20 178.18264722918 -44.762021939811
20 -152.5311813994 -14.828055730224
20 47.391014989759 -38.029178049711
20 36.176599289702 -73.496137769577
20 -8.8755716199325 -145.68481743988
20 22.477642779694 -50.392124139941
20 57.319836689881 102.45406335977
20 -13.578592179797 -123.89153693933
20 -13.742161440051 -6.1371532696769
20 -84.994805829313 11.188595119782
20 -72.51427266928 20.032683589861
20 -7.6763916003209 168.66245634938
20 41.748552580154 183.81193718931
20 17.164886540118 -3.6821362095298
20 -12.358707800318 -87.080109779471
20 34.199285099703 2.4945275515125
20 -31.730826809709 98.993426899405
20 116.82779924946 -82.214503529493
20 -58.656709619952 180.01614161942
20 3.6990235395345 38.776041750008
20 1.6904612896734 -6.0463163904307
20 -29.436406930198 -27.510648339866
20 92.169940039865 59.353275109762
20 10.692259149685 -7.7410555507561
20 -59.561598159865 -177.79707679937
20 85.255433899783 84.98695350943
20 -70.571162799702 -4.6956290297814
20 -102.86648059975 18.331398550316
20 -155.26545910936 65.838189869614
20 85.262589109773 69.861613609624
20 112.1906185395 37.650522719569
20 -138.02309560927 27.883877400344
20 75.541428429978 64.023503689617
20 -43.89428852923 -3.4752537596536
20 -45.714972169854 -142.6777566693
20 -55.895285730125 103.18839247926
20 34.72740859977 43.148168549522
20 88.468258679383 -42.40926619004
20 -7.2196552100014 4.7979247104219
20 73.874764849355 -28.12496255011
20 -13.829759289652 26.940725100162
20 -120.17311201951 2.6607501295083
20 59.814851490253 -98.528453999602
20 -125.8097277093 -11.187735870118
20 64.754798879976 87.702521439568
20 124.78145298951 -58.709736689654
20 -153.04634146956 -115.77823623956
20 -87.72147776993 162.48373322963
20 -38.146267459638 43.595258170002
20 126.61298345946 -45.817005959516
20 -1.8035344699172 51.171202470045
20 156.68058422973 111.09334284966
20 76.582087789891 187.81115335938
20 -5.7812769500892 177.99438655955
20 -38.942411880155 53.072204790013
20 -139.13857378942 104.84568346957
20 10.467018929664 -95.624352169332
20 -93.852021989711 -11.300948900459
20 -12.99420752035 17.810666200206
20 12.997907390376 -97.64875485949
20 22.031525409845 44.325639999393
20 -63.558179409993 -138.18474801965
